1
50
1 9 29 0 30 0 30 21 29 21 29 20 29 12 29 11 29 8 29 7
2 14 0 20 10 20 13 20 15 20 16 20 19 20 21 20 22 20 24 20 25 20 27 20 29 20 29 21 0 21
3 5 27 12 29 12 29 20 27 20 27 13
4 5 25 13 27 13 27 20 25 20 25 19
5 4 24 19 25 19 25 20 24 20
6 5 22 19 23 19 24 19 24 20 22 20
7 7 23 13 25 13 25 19 24 19 23 19 23 15 23 14
8 5 22 15 23 15 23 19 22 19 22 17
9 6 21 17 22 17 22 19 22 20 21 20 21 18
10 5 21 15 22 15 22 17 21 17 21 16
11 5 19 18 20 18 21 18 21 20 19 20
12 5 20 16 21 16 21 17 21 18 20 18
13 4 19 16 20 16 20 18 19 18
14 5 16 16 19 16 19 18 19 20 16 20
15 4 15 16 16 16 16 20 15 20
16 8 15 15 18 15 21 15 21 16 20 16 19 16 16 16 15 16
17 5 13 15 15 15 15 16 15 20 13 20
18 6 18 14 23 14 23 15 22 15 21 15 18 15
19 5 13 14 18 14 18 15 15 15 13 15
20 5 13 13 23 13 23 14 18 14 13 14
21 6 10 13 13 13 13 14 13 15 13 20 10 20
22 10 10 12 14 12 17 12 26 12 27 12 27 13 25 13 23 13 13 13 10 13
23 10 0 12 1 12 2 12 3 12 4 12 6 12 10 12 10 13 10 20 0 20
24 6 26 11 28 11 29 11 29 12 27 12 26 12
25 4 17 11 26 11 26 12 17 12
26 4 28 8 29 8 29 11 28 11
27 4 28 7 29 7 29 8 28 8
28 5 28 0 29 0 29 7 28 7 28 2
29 9 17 2 28 2 28 7 28 8 28 11 26 11 17 11 17 9 17 6
30 6 14 9 17 9 17 11 17 12 14 12 14 10
31 4 14 6 17 6 17 9 14 9
32 6 6 10 9 10 14 10 14 12 10 12 6 12
33 5 4 10 5 10 6 10 6 12 4 12
34 7 9 6 11 6 12 6 14 6 14 9 14 10 9 10
35 6 5 6 8 6 9 6 9 10 6 10 5 10
36 6 12 2 17 2 17 6 14 6 12 6 12 3
37 5 11 3 12 3 12 6 11 6 11 4
38 5 8 4 11 4 11 6 9 6 8 6
39 4 5 4 8 4 8 6 5 6
40 5 4 4 5 4 5 6 5 10 4 10
41 7 4 3 7 3 11 3 11 4 8 4 5 4 4 4
42 6 3 3 4 3 4 4 4 10 4 12 3 12
43 5 7 2 12 2 12 3 11 3 7 3
44 7 7 0 28 0 28 2 17 2 12 2 7 2 7 1
45 6 3 1 7 1 7 2 7 3 4 3 3 3
46 5 2 1 3 1 3 3 3 12 2 12
47 5 2 0 7 0 7 1 3 1 2 1
48 6 1 0 2 0 2 1 2 12 1 12 1 5
49 4 0 5 1 5 1 12 0 12
50 4 0 0 1 0 1 5 0 5
